sites v1 332 // id type img_var img_flip x y
   1  1  6 1  24   2
   2  1 50 0  49   2
   3  1 98 0  73   2
   4  1 44 1  95   3
   5  1 91 0 110   3
   6  1 91 1  81   4
   7  1  0 1  15   5
   8  1 10 1  62   6
   9  1 17 0  37   7
  10  1 33 0 105   6
  11  1 54 0  48   8
  12  1  6 0  71  11
  13  1  0 0  25  13
  14  1 14 1  44  14
  15  1 13 0  85  17
  16  1 33 1  59  18
  17  1 36 0  19  19
  18  1 64 1  54  20
  19  1 19 1  88  20
  20  1  1 0 102  21
  21  1 60 0  66  22
  22  1 94 0  55  23
  23  1 56 0  83  23
  24  1 68 0  29  24
  25  1 41 0  63  26
  26  1 44 0 117  26
  27  1 80 0  79  27
  28  1 28 0  50  31
  29  1 65 0 111  32
  30  1 20 1  31  34
  31  1 76 0  39  34
  32  1 76 1  93  37
  33  1 17 1 102  38
  34  1 64 0  48  40
  35  1 27 0  69  40
  36  1 43 1  85  40
  37  1 86 0  43  42
  38  1 85 0  40  45
  39  1 64 0  60  45
  40  1  1 1  20  46
  41  1 88 1 114  35
  42  1 85 1  89  49
  43  1  2 1 104  49
  44  1  0 1  18  52
  45  1  7 1  28  53
  46  1  1 0  40  53
  47  1 51 1 120  53
  48  1 68 0 115  55
  49  1  2 1  56  56
  50  1  0 0  98  57
  51  1 44 1  60  60
  52  1  9 1 113  60
  53  1 35 1  72  61
  54  1  4 0  32  62
  55  2 58 0  17   2
  56  2 47 1  42   3
  57  2 25 0  97   5
  58  2 35 1  79   6
  59  2 46 0  69  10
  60  2 62 0  48  12
  61  2 53 1  90  17
  62  2 97 0  25  20
  63  2 42 0  79  24
  64  2 66 1 110  25
  65  2 50 0  46  31
  66  2 70 0  98  34
  67  2 38 1  28  37
  68  2 13 1  63  42
  69  2 44 1  85  45
  70  2 53 1 100  47
  71  2 24 1  27  49
  72  2 43 0  64  57
  73  2 54 1  91  59
  74  2 31 1  38  60
  75  3 30 0 109  10
  76  3 86 0  63  20
  77  3  9 0  47  46
  78  3 41 1 120  59
  79  4  0 0 101  11
  80  4 67 1  69  16
  81  4 81 1  37  28
  82  4 18 1  58  29
  83  4 42 1  16  36
  84  4  0 0  55  42
  85  4  0 0  96  43
  86  4  0 0   3  53
  87  5  0 0  12   1
  88  5  0 0  34   2
  89  5 50 0  61   4
  90  5  2 0 100   5
  91  5 90 0  39  10
  92  5 63 0  74  10
  93  5 66 0  22  12
  94  5  1 0  11  18
  95  5  6 0 113  19
  96  5 66 0  45  21
  97  5 71 0 114  23
  98  5 61 0  84  26
  99  5 45 1  16  32
 100  5 59 0  34  32
 101  5 22 0  35  35
 102  5  1 0  55  47
 103  5  2 0  17  57
 104  5  3 1  23  58
 105  6  0 0  32   1
 106  6  0 0  91   2
 107  6  0 0  65   3
 108  6 71 1 119   5
 109  6  0 0   7  10
 110  6 88 1  20  14
 111  6 87 1  95  15
 112  6  0 0  41  26
 113  6  0 0 108  27
 114  6  0 0   9  38
 115  6  0 0 105  43
 116  6  0 0  30  45
 117  6  0 0  46  51
 118  6  0 0  85  58
 119  7 17 0 106   2
 120  7 17 1  47   5
 121  7 31 0  74   5
 122  7 69 1  27   8
 123  7 88 1 124   9
 124  7  7 0  79  10
 125  7 48 0  34  12
 126  7 40 1  13  14
 127  7 38 0  61  14
 128  7 73 1  97  14
 129  7 37 1 106  14
 130  7 67 0  30  19
 131  7  2 0  92  21
 132  7 20 0 100  23
 133  7 39 1  45  25
 134  7 43 0  20  26
 135  7 23 0  63  31
 136  7 34 1 115  38
 137  7 23 1 107  35
 138  7 44 1  23  37
 139  7 37 0  96  40
 140  7 32 1  80  42
 141  7 63 1  17  43
 142  7 15 0  53  44
 143  7 65 1  51  52
 144  7 63 0  90  52
 145  7 72 0  66  53
 146  7 11 1 106  57
 147  7 50 1  45  60
 148  7 50 1  12  61
 149  8  0 0 103   2
 150  8  1 0  33   3
 151  8 49 1 120   6
 152  8 35 1  11   7
 153  8 63 1  43   9
 154  8 78 0  62  11
 155  8 86 1  33  13
 156  8 38 1 112  18
 157  8 56 0  41  20
 158  8 18 0  46  22
 159  8 73 0  19  24
 160  8 97 0  98  24
 161  8 67 0  82  26
 162  8 72 0  93  28
 163  8  1 1  63  32
 164  8 22 1 122  32
 165  8  2 0  12  34
 166  8 34 1  23  39
 167  8 41 1 115  40
 168  8 30 1 103  43
 169  8 54 1  14  44
 170  8  1 0  79  44
 171  8  5 0  57  48
 172  8 21 1  88  52
 173  8  0 0  50  53
 174  8 25 0 104  55
 175  8  2 1  82  56
 176  8  2 0  25  59
 177  8  3 0  15  60
 178  8 48 1  44  60
 179  8 39 0  67  61
 180  9 23 0  82   9
 181  9 97 0 118  10
 182  9 92 0  16  12
 183  9 75 1  37  12
 184  9  4 1 100  15
 185  9 90 0  95  20
 186  9 55 1 106  23
 187  9 81 0  89  26
 188  9 40 1  47  28
 189  9 12 0  60  31
 190  9 72 1 110  35
 191  9 74 1  51  38
 192  9 30 0  32  40
 193  9  0 0  24  44
 194 10 65 0  51   9
 195 10  0 0  89  13
 196 10 23 0  61  22
 197 10 21 0  91  30
 198 10  0 0  41  37
 199 11  1 1 115   3
 200 11 12 0  10   6
 201 11 98 0  66   8
 202 11 60 0 117  19
 203 11 43 1   9  29
 204 11 71 1 125  49
 205 11  1 0  36  54
 206 11  0 0  69  62
 207 12  9 0  41  13
 208 12 52 1  71  20
 209 12 86 1   5  30
 210 12 51 1 118  35
 211 12 17 0  70  36
 212 12 74 1  84  49
 213 13  8 0  69   2
 214 13 20 1  20   7
 215 13 39 1  41   7
 216 13 56 1  28  11
 217 13 63 0  21  16
 218 13  7 0  33  19
 219 13 66 1 107  19
 220 13 24 0  14  22
 221 13  8 0  41  22
 222 13 49 0  26  29
 223 13  4 0  82  29
 224 13  1 0  72  37
 225 13 98 1 108  40
 226 13 46 0  76  41
 227 13 24 1 124  31
 228 13 74 1   7  46
 229 13  8 0 110  50
 230 13 67 1  50  59
 231 13 10 1  76  59
 232 13 17 0 103  59
 233 22  0 0  87  26
 234 22  0 0  88  31
 235 23  0 0 110   5
 236 23  0 0  45   5
 237 22  0 0  46  13
 238 23  0 0  78   3
 239 23  0 0  81  10
 240 22  0 0 108  22
 241 22  0 0  75  19
 242 22  0 0  67  17
 243 22  0 0  70  22
 244 22  0 0  71  17
 245 24  0 0  36  13
 246 24  0 0  42  24
 247 24  0 0   7  31
 248 22  0 0  23  46
 249 22  0 0  26  46
 250 22  0 0  45  40
 251 22  0 0  51  40
 252 22  0 0  46  26
 253 22  0 0  61  32
 254 22  0 0  74  42
 255 22  0 0 123  53
 256 22  0 0 103  57
 257 22  0 0 108  51
 258 22  0 0  84  32
 259 22  0 0  93  30
 260 22  0 0 108  33
 261 22  0 0 117  38
 262 24  0 0  13  59
 263 26  0 0  27   1
 264 26  0 0 118   8
 265 26  0 0  99  59
 266 26  0 0   6  50
 267 26  0 0  14  18
 268 26  0 0  40  16
 269 26  0 0  13  39
 270 26  0 0  51  22
 271 26  0 0  54   1
 272 26  0 0 103  13
 273 26  0 0  85   3
 274 26  0 0  94  24
 275 26  0 0  60  54
 276 26  0 0  80  55
 277 26  0 0  75  36
 278 30  0 0  20   3
 279 30  0 0  14   9
 280 30  0 0  36   4
 281 30  0 0  64   7
 282 30  0 0  77  10
 283 30  0 0 102   6
 284 30  0 0  32  11
 285 30  0 0  18  33
 286 30  0 0  25  52
 287 30  0 0  13  56
 288 30  0 0  34  58
 289 30  0 0  52  46
 290 30  0 0  74  47
 291 30  0 0 116  20
 292 30  0 0  44  16
 293 34  0 0   8   1
 294 34  0 0  69   4
 295 34  0 0  99   2
 296 34  0 0  20  58
 297 34  0 0  19  11
 298 27  0 0  57  16
 299 27  0 0  76  26
 300 27  0 0  23   8
 301 27  0 0  92   6
 302 27  0 0  25  27
 303 27  0 0 109  37
 304 27  0 0  38  48
 305 27  0 0  83  53
 306 28  0 0  14  33
 307 28  0 0 122  11
 308 28  0 0  72  55
 309 28  0 0   7  57
 310 31  0 0  75  14
 311 31  0 0  58  47
 312 31  0 0  13  45
 313 31  0 0  69  53
 314 31  0 0  85  30
 315 31  0 0 107  48
 316 31  0 0  47  19
 317 31  0 0 110  16
 318 32  0 0  18  23
 319 32  0 0  31  41
 320 32  0 0  77   1
 321 32  0 0  49  56
 322 33  0 0 102  17
 323 33  0 0 115  51
 324 33  0 0  60   1
 325 33  0 0   5  28
 326 34  0 0  66  27
 327 34  0 0  76  39
 328 34  0 0  87  51
 329  1  0 0  52  15  // Ashenvale Village - DeLastOne quest start
 330 40  0 0  54  18  // Temple of Shadows - DeLastOne dungeon
 331  6  0 0  56  20  // Necromancer's Ritual Site - DeLastOne final location